           1           0         107         108         109         110         111         112
           2           0         113         114         115         116         117         118
           3           0         119         120         121         122         123         124
           4           0         125         126         127         128         129         130
           5           0         131         132         133         134         135         136
           6           0         137         138         139         140         141         142
           7           0         143         144         145         146         147         148
           8           0         149         150         151         152         153         154
           9           0         155         156         157         158         159         160
          10           0         161         162         163         164         165         166
          11           0         167         168         169         170         171         172
          12           0         173         174         175         176         177         178
          13           0         179         180         181         182         183         184
          14           0         185         186         187         188         189         190
          15           0         191         192         193         194         195         196
          16           0         197         198         199         200         201         202
          17           0         203         204         205         206         207         208
          18           0         209         210         211         212         213         214
          19           0         215         216         217         218         219         220
          20           0         221         222         223         224         225         226
          21           0         227         228         229         230         231         232
          22           0         233         234         235         236         237         238
          23           0         239         240         241         242         243         244
          24           0         245         246         247         248         249         250
          25           0         251         252         253         254         255         256
          26           0         257         258         259         260         261         262
          27           0         263         264         265         266         267         268
          28           0         269         270         271         272         273         274
          29           0         275         276         277         278         279         280
          30           0         281         282         283         284         285         286
          31           0         287         288         289         290         291         292
          32           0         293         294         295         296         297         298
          33           0         299         300         301         302         303         304
          34           0         305         306         307         308         309         310
          35           0         311         312         313         314         315         316
          36           0         317         318         319         320         321         322
          37           0         323         324         325         326         327         328
          38           0         329         330         331         332         333         334
          39           0         335         336         337         338         339         340
          40           0         341         342         343         344         345         346
          41           0         347         348         349         350         351         352
          42           0         353         354         355         356         357         358
          43           0         359         360         361         362         363         364
          44           0         365         366         367         368         369         370
          45           0         371         372         373         374         375         376
          46           0         377         378         379         380         381         382
          47           0         383         384         385         386         387         388
          48           0         389         390         391         392         393         394
          49           0         395         396         397         398         399         400
          50           0         401         402         403         404         405         406
          51           0         407         408         409         410         411         412
          52           0         413         414         415         416         417         418
          53           0         419         420         421         422         423         424
          54           0         425         426         427         428         429         430
          55           0         431         432         433         434         435         436
          56           0         437         438         439         440         441         442
          57           0         443         444         445         446         447         448
          58           0         449         450         451         452         453         454
          59           0         455         456         457         458         459         460
          60           0         461         462         463         464         465         466
          61           0         467         468         469         470         471         472
          62           0         473         474         475         476         477         478
          63           0         479         480         481         482         483         484
          64           0         485         486         487         488         489         490
